VERSION
54
10
0
2
11
9
19.261736
13.409935
16.563293
1.000000 0.000000 0.000000 0.000000
0.000000 1.000000 0.000000 0.000000
0.000000 0.000000 1.000000 0.000000
0.376461 12.253919 -0.000001 1.000000
12
16.724377
13
3
9.287058
1.000000 0.000000 0.000000 0.000000
0.000000 1.000000 0.000000 0.000000
0.000000 0.000000 1.000000 0.000000
0.000000 0.000000 0.000000 1.000000
15
0
9.005348
42.679283
40.088421
0.096386
0.036145
8.121558
10.625444
4.117698
16.470791
1
1
0.048627 0.998817 0.000000 0.000000
-0.998817 0.048627 -0.000000 0.000000
-0.000000 0.000000 1.000000 0.000000
10.623555 16.462564 -0.158672 1.000000
5.617372
0
9.005348
42.679283
40.088421
0.096386
0.036145
8.121558
10.625444
4.117698
16.470791
1
1
0.048627 0.998817 -0.000000 0.000000
-0.998817 0.048627 0.000000 0.000000
-0.000000 0.000000 -1.000000 0.000000
10.623555 16.462564 0.158672 1.000000
5.617372
16
0
28.602434
25.075583
0.072289
0.036145
15.781877
-0.314960
0.105245
2.155702 -5.413693 2.266451 1.000000
10.686265
7.464544
0.000000
10.686265
5
3
0.843148 -0.431593 -0.320669 0.000000
0.158168 0.769093 -0.619256 0.000000
0.513891 0.471405 0.716724 0.000000
1.558865 -2.232334 -2.158247 1.000000
3.864964
4.060192
3.430291
3
0.975205 -0.062833 0.212196 0.000000
0.177352 -0.351625 -0.919188 0.000000
0.132368 0.934030 -0.331763 0.000000
8.504935 -3.141808 -0.305734 1.000000
4.282135
3.411056
2.776292
3
0.962182 0.064856 0.264574 0.000000
0.272259 -0.261053 -0.926135 0.000000
0.009002 0.963143 -0.268839 0.000000
8.275560 -0.572285 -0.543163 1.000000
4.641328
3.646688
3.171684
3
0.956679 -0.128110 0.261446 0.000000
0.253627 -0.074248 -0.964449 0.000000
0.142967 0.988977 -0.038540 0.000000
7.701101 1.983531 -0.857370 1.000000
4.424887
3.481585
2.734616
3
0.974036 -0.165113 0.154890 0.000000
0.130201 -0.151147 -0.979899 0.000000
0.185205 0.974624 -0.125725 0.000000
7.546466 4.041150 -1.449685 1.000000
3.567066
2.993164
2.342963
0
28.602434
25.075583
0.072289
0.036145
15.781877
-0.314960
0.105245
-2.155702 5.413693 2.266451 1.000000
10.686265
7.464544
0.000000
10.686265
5
3
0.843148 -0.431593 -0.320669 0.000000
0.158168 0.769093 -0.619256 0.000000
0.513891 0.471405 0.716724 0.000000
1.558865 -2.232334 -2.158247 1.000000
3.864964
4.060192
3.430291
3
0.975205 -0.062833 0.212196 0.000000
0.177352 -0.351625 -0.919188 0.000000
0.132368 0.934030 -0.331763 0.000000
8.504935 -3.141808 -0.305734 1.000000
4.282135
3.411056
2.776292
3
0.962182 0.064856 0.264574 0.000000
0.272259 -0.261053 -0.926135 0.000000
0.009002 0.963143 -0.268839 0.000000
8.275560 -0.572285 -0.543163 1.000000
4.641328
3.646688
3.171684
3
0.956679 -0.128110 0.261446 0.000000
0.253627 -0.074248 -0.964449 0.000000
0.142967 0.988977 -0.038540 0.000000
7.701101 1.983531 -0.857370 1.000000
4.424887
3.481585
2.734616
3
0.974036 -0.165113 0.154890 0.000000
0.130201 -0.151147 -0.979899 0.000000
0.185205 0.974624 -0.125725 0.000000
7.546466 4.041150 -1.449685 1.000000
3.567066
2.993164
2.342963
19
0
20
0
30
0
21
0
22
0
23
0
25
0
0
0
0
0
0
0
0
0
0
0
0.500000
0.500000
0.500000
0.500000
0.500000
0.500000
0.500000
0.500000
0.500000
0.500000
26
0
0
0
0
0
0
5
3
1
18
0.000000
31
1
1
32
0
33
0
0
17
501
11.113719
11.113719
503
14.818290
25.160353
14.818292
26.752752
14.818292
26.504444
506
25.647020
25.647020
21.799969
21.799967
2.671565
2.671566
2.671566
2.671566
2.671566
2.671566
3.205880
3.225115
3.205880
3.205880
3.205880
3.205879
3.740193
3.740192
3.740193
3.740193
3.740193
3.740193
3.205879
3.205879
3.205880
3.205880
3.205879
3.205880
2.671566
2.671566
2.671566
2.671566
2.671566
2.671566
15.781877
27.784285
21.372528
25.647020
25.647020
21.799969
21.799967
2.671565
2.671566
2.671566
2.671566
2.671566
2.671566
3.205880
3.225115
3.205880
3.205880
3.205880
3.205879
3.740193
3.740192
3.740193
3.740193
3.740193
3.740193
3.205879
3.205879
3.205880
3.205880
3.205879
3.205880
2.671566
2.671566
2.671566
2.671566
2.671566
2.671566
15.781877
27.784285
21.372528
505
42.817738
42.770683
42.745060
42.745060
1.282351
6.448283
40.000000
40.000000
40.000000
42.817738
42.770683
42.745060
42.745060
1.282351
6.448283
40.000000
40.000000
40.000000
500
16.724377
17.478359
20.368986
16.724377
21.372530
21.372528
9.005348
507
100
0.000000
0.000000
-0.011344
0.999936
0.000000
0.000000
0.000000
3
0.000000
-0.000000
-0.000000
0.000000 0.000000 0.000000 0.000000
0.000000
0.000000 0.000000 0.000000 1.000000
101
3
-0.345619
-0.000000
-0.000000
0.000000 0.000000 0.000000 0.000000
0.000001 0.000000 1.000000 0.000000
-0.000000 1.000000 0.000000 0.000000
-1.000000 -0.000000 0.000001 0.000000
0.000000 92.465874 0.000000 1.000000
108
0.000000 0.000000 0.000000 0.000000
0.000000 92.465874 0.000000 1.000000
-0.000000
0.707106
-0.000000
0.707107
102
-0.000000
-0.000000
0.000000
1.000000
0.000000
0.000000
0.000000
103
9
-0.014943
0.000000
-0.000021
0.080889
0.000000
-0.000000
-0.007505
-0.000000
-0.000000
0.000000 0.000000 0.000000 0.000000
105
3.008077
0.300000
-0.031383
-0.051573
-0.011850
0.998106
0.000000
0.000000
0.000000
-0.120000
0.000000
0
0.000000
0.000000
81.840424 7.540689 -8.082123 1.000000
-17.087486 13.460449 -8.070671 1.000000
0.103694 -0.061425 0.992711 1.000000
3
0
-0.014105
0.022519
0.706966
0.706748
0.000000
0.000000
0.000000
0.000000
0.000000
0.000000
1.000000
-0.509874
0.515670
0.489927
0.483823
0.000000
0.000000
0.000000
1
0.000000
0.000000
0.000000
1.000000
0.000000
0.000000
0.000000
1.000000
1
0.000000
0.000000
1
0.000000
0.000000
0.000000
1.000000
0.000000
0.000000
0.000000
1.000000
1
0.000000
0.000000
1
0.000000
0.000000
0.000000
1.000000
0.000000
0.000000
0.000000
1.000000
1
0.000000
0.000000
1
0.000000
0.000000
0.000000
1.000000
0.000000
0.000000
0.000000
1.000000
1
0.000000
0.000000
1
0.000000
0.000000
0.000000
1.000000
0.000000
0.000000
0.000000
1.000000
1
0.000000
0.000000
0
0
5
0
0
0.000000 0.000000 0.000000 1.000000
0.000000 0.000000 0.000000 1.000000
0.000000
3.008077
0.300000
-0.031383
-0.051573
-0.011850
0.998106
0.000000
0.000000
0.000000
-0.120000
0.000000
0
0.000000
0.000000
81.840424 7.540689 -8.082123 1.000000
17.087452 13.460449 -8.070718 1.000000
0.103694 -0.061425 0.992711 1.000000
3
0
0.014105
-0.022519
0.706966
0.706748
0.000000
0.000000
0.000000
0.000000
0.000000
0.000000
1.000000
-0.489926
0.483822
0.509875
0.515670
0.000000
0.000000
0.000000
1
0.000000
0.000000
0.000000
1.000000
0.000000
0.000000
0.000000
1.000000
1
0.000000
0.000000
1
0.000000
0.000000
0.000000
1.000000
0.000000
0.000000
0.000000
1.000000
1
0.000000
0.000000
1
0.000000
0.000000
0.000000
1.000000
0.000000
0.000000
0.000000
1.000000
1
0.000000
0.000000
1
0.000000
0.000000
0.000000
1.000000
0.000000
0.000000
0.000000
1.000000
1
0.000000
0.000000
1
0.000000
0.000000
0.000000
1.000000
0.000000
0.000000
0.000000
1.000000
1
0.000000
0.000000
0
0
5
0
0
18.066610 2.835755 8.371428 1.000000
0.000000 0.000000 0.000000 1.000000
0.000000
106
2.729310
0.300000
-0.179996
0.351912
-0.054234
0.916961
0.000000
0.000000
0.000000
-0.314960
0.105245
0
0.000000
0.000000
36.226391 7.933517 37.226906 1.000000
-54.415764 110.451218 4.457899 1.000000
-0.625856 -0.368270 0.687519 1.000000
0
0
-0.105219
-0.008260
0.004031
0.994407
0.000000
0.000000
0.000000
0.000000
0.000000
0.000000
1.000000
0.751373
-0.150029
0.346994
0.540857
0.000000
0.000000
0.000000
4
0.289063
0.155208
-0.196438
-0.923994
0.000000
0.000000
0.000000
1.000000
-0.009369
-0.086331
-0.206808
0.974520
0.000000
0.000000
0.000000
1.000000
-0.021399
-0.001883
0.107937
0.993926
0.000000
0.000000
0.000000
1.000000
0.000000
0.000000
0.000000
1.000000
0.000000
0.000000
0.000000
1.000000
0
0.000000
0.000000
0.000000
0.000000
0.000000
0.233333
0.000000
0.000000
0.233333
0.000000
0.000000
0.000000
4
0.133766
-0.005498
0.218822
-0.966537
0.000000
0.000000
0.000000
1.000000
-0.012127
0.002533
-0.073724
0.997202
0.000000
0.000000
0.000000
1.000000
-0.011697
-0.006117
-0.072100
0.997310
0.000000
0.000000
0.000000
1.000000
0.000000
0.000000
0.000000
1.000000
0.000000
0.000000
0.000000
1.000000
0
0.000000
0.000000
0.000000
0.000000
0.000000
0.233333
0.000000
0.000000
0.233333
0.000000
0.000000
0.000000
4
0.028780
-0.058695
0.193860
-0.978849
0.000000
0.000000
0.000000
1.000000
0.018629
-0.007972
-0.107117
0.994040
0.000000
0.000000
0.000000
1.000000
0.005424
0.038521
-0.047397
0.998118
0.000000
0.000000
0.000000
1.000000
0.000000
0.000000
0.000000
1.000000
0.000000
0.000000
0.000000
1.000000
0
0.000000
0.000000
0.000000
0.000000
0.000000
0.233333
0.000000
0.000000
0.233333
0.000000
0.000000
0.000000
4
-0.095495
-0.117980
0.183679
-0.971197
0.000000
0.000000
0.000000
1.000000
-0.004301
0.014168
-0.115963
0.993143
0.000000
0.000000
0.000000
1.000000
-0.003860
-0.025973
-0.042610
0.998747
0.000000
0.000000
0.000000
1.000000
0.000000
0.000000
0.000000
1.000000
0.000000
0.000000
0.000000
1.000000
0
0.000000
-0.000000
0.000000
0.000000
0.000000
0.233333
0.000000
0.000000
0.233333
0.000000
0.000000
0.000000
4
-0.129825
-0.188900
0.139304
-0.963357
0.000000
0.000000
0.000000
1.000000
-0.010360
0.010519
-0.097748
0.995102
0.000000
0.000000
0.000000
1.000000
-0.003581
-0.033796
-0.008930
0.999383
0.000000
0.000000
0.000000
1.000000
0.000000
0.000000
0.000000
1.000000
0.000000
0.000000
0.000000
1.000000
0
0.000000
-0.000000
0.000000
0.000000
0.000000
0.233333
0.000000
0.000000
0.233333
0.000000
0.000000
0.000000
0
0
5
0
0
-58.934895 105.125069 7.345598 1.000000
0.000000 0.000000 0.000000 1.000000
0.000000
2.729310
0.300000
-0.179996
0.351912
-0.054234
0.916961
0.000000
0.000000
0.000000
-0.314960
0.105245
0
0.000000
0.000000
36.226391 7.933517 37.226906 1.000000
54.864777 110.084534 4.143220 1.000000
-0.625856 -0.368270 0.687519 1.000000
0
0
-0.105219
-0.008260
0.004031
0.994407
0.000000
0.000000
0.000000
0.000000
0.000000
0.000000
1.000000
0.751373
-0.150029
0.346994
0.540857
0.000000
0.000000
0.000000
4
0.289063
0.155208
-0.196438
-0.923994
0.000000
0.000000
0.000000
1.000000
-0.009369
-0.086331
-0.206808
0.974520
0.000000
0.000000
0.000000
1.000000
-0.021399
-0.001883
0.107937
0.993926
0.000000
0.000000
0.000000
1.000000
0.000000
0.000000
0.000000
1.000000
0.000000
0.000000
0.000000
1.000000
0
0.000000
0.000000
0.000000
0.000000
0.000000
0.233333
0.000000
0.000000
0.233333
0.000000
0.000000
0.000000
4
0.133766
-0.005498
0.218822
-0.966537
0.000000
0.000000
0.000000
1.000000
-0.012127
0.002533
-0.073724
0.997202
0.000000
0.000000
0.000000
1.000000
-0.011697
-0.006117
-0.072100
0.997310
0.000000
0.000000
0.000000
1.000000
0.000000
0.000000
0.000000
1.000000
0.000000
0.000000
0.000000
1.000000
0
0.000000
0.000000
0.000000
0.000000
0.000000
0.233333
0.000000
0.000000
0.233333
0.000000
0.000000
0.000000
4
0.028780
-0.058695
0.193860
-0.978849
0.000000
0.000000
0.000000
1.000000
0.018629
-0.007972
-0.107117
0.994040
0.000000
0.000000
0.000000
1.000000
0.005424
0.038521
-0.047397
0.998118
0.000000
0.000000
0.000000
1.000000
0.000000
0.000000
0.000000
1.000000
0.000000
0.000000
0.000000
1.000000
0
0.000000
0.000000
0.000000
0.000000
0.000000
0.233333
0.000000
0.000000
0.233333
0.000000
0.000000
0.000000
4
-0.095495
-0.117980
0.183679
-0.971197
0.000000
0.000000
0.000000
1.000000
-0.004301
0.014168
-0.115963
0.993143
0.000000
0.000000
0.000000
1.000000
-0.003860
-0.025973
-0.042610
0.998747
0.000000
0.000000
0.000000
1.000000
0.000000
0.000000
0.000000
1.000000
0.000000
0.000000
0.000000
1.000000
0
0.000000
-0.000000
0.000000
0.000000
0.000000
0.233333
0.000000
0.000000
0.233333
0.000000
0.000000
0.000000
4
-0.129825
-0.188900
0.139304
-0.963357
0.000000
0.000000
0.000000
1.000000
-0.010360
0.010519
-0.097748
0.995102
0.000000
0.000000
0.000000
1.000000
-0.003581
-0.033796
-0.008930
0.999383
0.000000
0.000000
0.000000
1.000000
0.000000
0.000000
0.000000
1.000000
0.000000
0.000000
0.000000
1.000000
0
0.000000
-0.000000
0.000000
0.000000
0.000000
0.233333
0.000000
0.000000
0.233333
0.000000
0.000000
0.000000
0
0
5
0
0
63.178169 104.537102 4.322357 1.000000
0.000000 0.000000 0.000000 1.000000
0.000000
107
27
0.500000
0.500000
0.500000
0.500000
0.500000
0.500000
28
6
0
-0.004342
-0.009040
-0.014528
-0.999844
pose1
-0.028972 -0.018203 -0.999414
-0.999540 -0.008421 0.029129
0.000000
0.500000
0.306306
0.285922
-0.628247
0.655539
pose2
0.998840 0.010006 -0.047110
-0.022966 -0.760849 -0.648522
0.000000
0.500000
-0.604889
0.099517
0.672610
-0.414490
pose3
0.437187 0.896206 -0.075384
0.636588 -0.367568 -0.677974
0.000000
0.500000
-0.202303
-0.721503
-0.037610
-0.661130
pose4
0.242194 -0.969231 0.043962
-0.915318 -0.213225 0.341656
0.000000
0.500000
-0.105683
0.335716
0.702526
0.618533
pose5
-0.940030 -0.266812 0.212496
0.009423 0.602436 0.798112
0.000000
0.500000
0.017896
0.466863
-0.884082
0.010833
pose6
0.035866 0.021528 0.999125
0.563844 -0.825878 -0.002445
0.000000
0.500000
29
6
0
0.000000
0.000000
-0.020622
0.999787
pose1
-0.041236 0.000000 -0.999149
0.999149 0.000000 -0.041236
0.000000
0.500000
0.036782
0.019800
0.678470
0.733439
pose2
0.993777 0.078954 -0.078572
0.076650 0.027087 0.996690
0.000000
0.500000
0.183027
0.681963
-0.186833
-0.683024
pose3
0.005588 -0.999984 -0.000040
0.863189 0.004803 0.504858
0.000000
0.500000
0.000000
0.000000
-0.697373
0.716708
pose4
-0.999626 0.000000 -0.027341
0.027341 0.000000 -0.999626
0.000000
0.500000
0.000156
0.008472
0.999794
-0.018419
pose5
-0.036833 0.000000 0.999321
-0.999178 -0.016947 -0.036828
0.000000
0.500000
0.351327
0.624934
0.376430
0.586794
pose6
0.002661 0.997915 0.064484
0.469740 -0.058174 0.880886
0.000000
0.500000
